1125969920.000000 1.8945522e-22 3.4192225e-23
1125969980.000000 1.4619679e-22 -8.0238434e-23
1125970040.000000 7.4522692e-23 -1.4092577e-22
1125970100.000000 -9.4287684e-23 -1.3748335e-22
1125970160.000000 8.9115232e-24 6.6011705e-23
1125970220.000000 -1.1324792e-22 1.6719672e-22
1125970280.000000 -9.7826162e-23 -1.3288710e-22
1125970340.000000 -2.0312357e-22 2.5314665e-22
1125970400.000000 7.1867004e-23 7.8449977e-23
1125970460.000000 7.6043614e-23 5.9667171e-23
1125970520.000000 -1.8435244e-23 -5.8921029e-23
1125970580.000000 -5.6617811e-23 -9.3155262e-23
1125970640.000000 2.5869279e-24 7.5839405e-23
1125970700.000000 2.6991897e-23 -2.0819280e-23
1125970760.000000 1.3276579e-22 7.3307184e-24
1125970820.000000 -1.6175020e-22 -2.3646339e-23
1125970880.000000 -6.6742220e-23 -1.5999875e-23
1125970940.000000 1.2489246e-23 3.1317656e-23
1125971000.000000 -2.0371798e-23 -9.5101976e-23
1125971060.000000 -7.4015988e-23 7.6841356e-23
1125971120.000000 1.7177397e-22 -2.4667106e-23
1125971180.000000 9.4511878e-23 1.2675125e-23
1125971240.000000 2.6693391e-24 5.3097929e-23
1125971300.000000 -1.3080029e-23 7.7989186e-23
1125971360.000000 -4.1201634e-25 -5.0329083e-23
1125971420.000000 -1.6836374e-23 -1.4114068e-22
1125971480.000000 -4.1107303e-23 -1.0192810e-23
1125971540.000000 -1.2272164e-22 3.8234816e-23
1125971600.000000 -1.2710118e-22 1.1557073e-22
1125971660.000000 3.2899646e-24 1.2427797e-23
1125971720.000000 -1.3455201e-22 -1.1376042e-22
1125971780.000000 3.1845534e-23 -7.9172857e-23
1125971840.000000 3.9743064e-23 4.7293834e-23
1125971900.000000 -8.3271035e-23 -1.4138231e-22
1125971960.000000 -3.9987265e-23 -7.8284662e-23
1125972020.000000 -1.0781251e-22 -1.0483611e-22
1125972080.000000 -3.9062134e-23 -5.5206862e-23
1125972140.000000 1.4251726e-22 -1.2608322e-22
1125972200.000000 -2.0728324e-23 -1.2242684e-22
1125972260.000000 -1.4702076e-22 9.8971436e-24
1125972320.000000 4.5667791e-24 -8.5096963e-23
1125972380.000000 -1.2409573e-23 4.6095394e-24
1125972440.000000 -1.1412463e-22 1.3125416e-22
1125972500.000000 3.8367193e-23 1.0523059e-22
1125972560.000000 -8.1746350e-23 -4.6692763e-23
1125972620.000000 -1.0983191e-22 -9.6426277e-23
1125972680.000000 -1.9678639e-22 -1.0345469e-22
1125972740.000000 -1.3270080e-22 6.0118440e-23
1125972800.000000 -3.4007318e-23 2.3360578e-22
1125972860.000000 -4.0910052e-23 9.6681058e-24
1125972920.000000 1.4136192e-22 -2.0120250e-23
1125972980.000000 -4.8309304e-23 -1.8019547e-23
1125973040.000000 8.4621910e-23 5.6691695e-23
1125973100.000000 1.3557557e-23 8.3821607e-23
1125973160.000000 6.1411332e-24 -1.0647367e-22
1125973220.000000 7.2835171e-23 -5.5087279e-23
1125973280.000000 1.9216843e-23 -5.7485823e-23
1125973340.000000 -1.2260284e-23 4.8624842e-24
1125973400.000000 2.5436621e-23 -2.1280741e-22
1125973460.000000 -3.0600327e-23 -6.4237235e-23
1125973520.000000 1.8955667e-23 -2.0654249e-23
1125973580.000000 2.0963305e-22 1.0428516e-22
1125973640.000000 -3.8790169e-23 1.3637518e-22
1125973700.000000 5.4570055e-23 4.7634592e-23
1125973760.000000 -2.8101283e-23 1.5818365e-23
1125973820.000000 -8.6203819e-23 -2.6081149e-23
1125973880.000000 7.3480984e-23 -1.0482436e-22
1125973940.000000 -6.6518503e-23 1.2029312e-22
1125974000.000000 -1.2498128e-22 3.4080998e-23
1125974060.000000 7.4937480e-24 -1.2015762e-22
1125974120.000000 -1.6060759e-22 9.9254245e-23
1125974180.000000 -1.0740830e-22 -7.6816963e-23
1125974240.000000 1.3706507e-22 5.4140088e-23
1125974300.000000 -8.3036632e-23 -1.8725822e-22
1125974360.000000 3.8353103e-23 -1.2978425e-22
1125974420.000000 1.2858189e-22 -2.5338895e-23
1125974480.000000 4.9571526e-23 -1.1705617e-22
1125974540.000000 -8.9796377e-23 6.7808894e-23
1125974600.000000 6.3785688e-23 6.6816039e-23
1125974660.000000 -7.8237310e-23 -1.0495823e-22
1125974720.000000 3.0089550e-23 1.8691874e-23
1125974780.000000 -7.0301541e-23 8.7791350e-23
1125974840.000000 -4.9775730e-23 -6.6658320e-23
1125974900.000000 1.0985443e-22 9.5567164e-24
1125974960.000000 7.3252062e-23 9.4218658e-23
1125975020.000000 1.8497850e-22 -7.2455266e-23
1125975080.000000 2.2967215e-22 -1.1500939e-22
1125975140.000000 -1.0694073e-22 -1.2499756e-22
1125975200.000000 -1.5691392e-22 -8.2266075e-23
1125975260.000000 -1.1003559e-22 6.8064837e-23
1125975320.000000 1.8721675e-22 -1.8647589e-22
1125975380.000000 -3.4634677e-23 -2.7287719e-23
1125975440.000000 -1.8451749e-24 -1.2359130e-22
1125975500.000000 1.0799619e-22 -4.3779671e-23
1125975560.000000 -1.0568964e-22 2.0125546e-22
1125975620.000000 -2.4575324e-22 7.0181551e-23
1125975680.000000 -3.9760372e-23 -5.6094738e-23
1125975740.000000 1.4432356e-22 -2.5373124e-24
1125975800.000000 1.5076670e-22 1.9831650e-23
1125975860.000000 9.1224733e-23 1.1517008e-22
1125975920.000000 -1.6546055e-22 -7.8285443e-23
1125975980.000000 -2.7222417e-23 2.9705256e-23
1125976040.000000 2.4269129e-23 1.3989349e-23
1125976100.000000 1.1238202e-22 1.0944237e-22
1125976160.000000 1.5681664e-22 -6.9395218e-23
1125976220.000000 1.1826969e-22 -2.1236501e-23
1125976280.000000 -6.9081164e-24 -9.6762867e-23
1125976340.000000 2.5387425e-23 -1.1394146e-23
1125976400.000000 2.9713728e-23 4.8760138e-23
1125976460.000000 -1.6836954e-22 -9.3136371e-23
1125976520.000000 -7.0325288e-23 -9.4520302e-23
1125976580.000000 1.5512858e-22 -1.1359373e-22
1125976640.000000 5.0428892e-23 3.9803883e-23
1125976700.000000 5.5030695e-23 -1.3749767e-22
1125976760.000000 -3.1022501e-23 -7.2263715e-24
1125976820.000000 -2.7887958e-23 7.3203602e-23
1125976880.000000 2.6274404e-23 -6.1013199e-24
1125976940.000000 2.7345646e-23 4.8773005e-23
1125977000.000000 -1.2922297e-22 -6.9859060e-23
1125977060.000000 -1.0778962e-22 9.6198766e-24
1125977120.000000 1.4496136e-22 -6.1990289e-23
1125977180.000000 -9.0671739e-23 6.8407754e-23
1125977240.000000 -6.8110196e-23 3.0972040e-23
1125977300.000000 -5.3131089e-23 -2.4922324e-23
1125977360.000000 -1.2817953e-22 5.6628031e-23
1125977420.000000 -7.7506779e-23 7.8012128e-24
1125977480.000000 -5.7209807e-23 -1.0686497e-22
1125977540.000000 -2.6481684e-22 -1.7498680e-22
1125977600.000000 4.8591761e-24 -5.7987151e-23
1125977660.000000 -2.7352677e-23 3.4485690e-22
1125977720.000000 9.4024788e-23 8.3528472e-23
1125977780.000000 -8.6040027e-23 -5.5459806e-24
1125977840.000000 -9.6167517e-23 -1.2945393e-22
1125977900.000000 1.3963878e-22 4.0470121e-23
1125977960.000000 -7.1248864e-23 -4.2187906e-23
1125978020.000000 2.7343567e-23 -4.3571581e-23
1125978080.000000 9.2688216e-23 1.5821067e-22
1125978140.000000 -5.8941186e-23 9.5239770e-24
1125978200.000000 6.9131036e-23 -8.0371084e-24
1125978260.000000 -4.8518520e-23 -4.0874450e-23
1125978320.000000 -2.0493302e-23 -1.2259562e-23
1125978380.000000 2.4663119e-23 1.0161395e-22
1125978440.000000 1.5650779e-22 1.3294255e-22
1125978500.000000 2.9689941e-23 -3.1193955e-23
1125978560.000000 -7.4741051e-23 -1.0436049e-22
1125978620.000000 -3.8495021e-23 3.1779612e-23
1125978680.000000 -4.9352224e-24 -5.0040285e-23
1125978740.000000 -6.9693827e-23 1.0621761e-22
1125978800.000000 -7.7207497e-23 3.7990484e-23
1125978860.000000 1.1192397e-23 6.2848258e-23
1125978920.000000 1.6703124e-22 -2.0038841e-22
1125978980.000000 8.3340622e-23 -1.4541590e-22
1125979040.000000 2.0031207e-22 2.2850671e-23
1125979100.000000 -6.8245873e-23 -4.2096355e-23
1125979160.000000 -7.2008506e-23 2.8903853e-24
1125979220.000000 -4.7375098e-23 2.1108916e-23
1125979280.000000 -9.8652854e-23 1.0262631e-22
1125979340.000000 -1.3124046e-22 1.5521146e-22
1125979400.000000 -7.4344042e-23 -1.1485315e-22
1125979460.000000 -8.3383108e-23 9.7563296e-23
1125979520.000000 -6.7831734e-23 -1.5797637e-23
1125979580.000000 -8.8218920e-23 6.8421100e-23
1125979640.000000 3.0796943e-22 5.2957126e-24
1125979700.000000 -6.9279749e-23 2.1985584e-23
1125979760.000000 1.2703843e-22 -1.5541102e-22
1125979820.000000 -1.3172310e-23 -7.3965416e-23
1125979880.000000 -1.6516258e-23 3.2911259e-23
1125979940.000000 1.0300956e-22 1.0814020e-22
1125980000.000000 -1.1441452e-22 -9.0080487e-23
1125980060.000000 5.7170166e-23 -8.4361710e-23
1125980120.000000 -1.4985311e-22 -9.1586961e-23
1125980180.000000 1.3629456e-22 -1.7259606e-23
1125980240.000000 -1.2658319e-22 6.4589725e-23
1125980300.000000 1.4518039e-22 -3.0554294e-23
1125980360.000000 -6.8754964e-23 1.5129259e-22
1125980420.000000 5.9972569e-23 1.4593345e-23
1125980480.000000 -1.0786277e-22 -2.0583686e-23
1125980540.000000 1.4642919e-22 -3.3659334e-23
1125980600.000000 7.9338364e-23 1.3323588e-22
1125980660.000000 -2.1842422e-23 3.3802070e-24
1125980720.000000 -3.6820523e-23 1.1283420e-22
1125980780.000000 2.3400415e-22 -5.0739475e-23
1125980840.000000 6.3502837e-23 -1.8670661e-22
1125980900.000000 4.8719831e-24 -5.2263099e-23
1125980960.000000 -2.1104260e-22 -4.9812939e-23
1125981020.000000 -1.0406934e-22 2.2376991e-24
1125981080.000000 4.9271074e-23 -1.5020041e-23
1125981140.000000 -1.2627085e-22 4.0859982e-24
1125981200.000000 9.6922111e-23 -2.4223714e-23
1125981260.000000 2.6578059e-23 5.4152406e-23
1125981320.000000 2.4089264e-23 -1.3755910e-22
1125981380.000000 -2.1781475e-22 6.6979074e-23
1125981440.000000 -2.2943566e-23 3.2472158e-23
1125981500.000000 1.5230392e-22 1.5505726e-24
1125981560.000000 5.0580702e-23 1.3335550e-22
1125981620.000000 -2.2111714e-23 2.0722893e-23
1125981680.000000 -4.2911316e-23 1.1940607e-22
1125981740.000000 -1.8703376e-24 -4.1418919e-23
1125981800.000000 -1.4199205e-24 3.7629056e-23
1125981860.000000 3.5118078e-23 -1.1956247e-23
1125981920.000000 -5.9531253e-23 7.7037935e-24
1125981980.000000 4.2858634e-23 -1.9312506e-22
1125982040.000000 -5.6900598e-24 5.1654627e-23
1125982100.000000 6.3969515e-23 7.0158627e-23
1125982160.000000 3.2028829e-23 -1.1550871e-22
1125982220.000000 2.9234377e-23 9.1189623e-23
1125982280.000000 -1.0451400e-23 1.2122761e-22
1125982340.000000 7.9545717e-24 -1.2878063e-22
1125982400.000000 -1.6710238e-22 1.0226461e-23
1125982460.000000 -1.0565852e-22 -4.5236623e-24
1125982520.000000 -1.2513904e-23 1.1358474e-22
1125982580.000000 6.1436039e-23 6.2201715e-23
1125982640.000000 1.3346265e-22 -1.0825822e-22
1125982700.000000 1.7739765e-22 -6.1915208e-23
1125982760.000000 2.7901343e-22 -1.5142861e-22
1125982820.000000 -3.5263148e-23 -5.2690220e-23
1125982880.000000 -1.1500466e-22 -4.6158797e-23
1125982940.000000 1.4370484e-22 -2.2180459e-23
1125983000.000000 -4.6653505e-23 -7.0410977e-23
1125983060.000000 2.4631684e-23 9.6666918e-23
1125983120.000000 2.9895351e-23 6.6392656e-25
1125983180.000000 5.1600293e-23 -9.1604271e-24
1125983240.000000 -1.5630851e-22 1.4575119e-22
1125983300.000000 5.6950521e-23 2.9951792e-23
1125983360.000000 7.8408973e-23 -1.6885257e-22
1125983420.000000 7.0031962e-23 -7.2101471e-23
1125983480.000000 -4.0556770e-25 5.4984346e-24
1125983540.000000 2.4108649e-23 1.0467309e-22
1125983600.000000 -2.6051744e-22 -6.8071509e-23
1125983660.000000 2.0034895e-22 1.2642892e-22
1125983720.000000 -8.4813729e-23 -1.5828684e-22
1125983780.000000 -4.1799133e-23 4.5750805e-23
1125983840.000000 -7.7687425e-23 1.9583741e-23
1125983900.000000 -6.7939553e-23 3.6729207e-23
1125983960.000000 3.9226879e-23 -3.1077181e-23
1125984020.000000 -1.1178376e-22 -8.9665016e-23
1125984080.000000 -4.4574091e-23 1.5883781e-22
1125984140.000000 2.4949529e-23 -2.0358338e-22
1125984200.000000 -1.0494498e-22 -8.0144900e-23
1125984260.000000 1.3545811e-22 7.8284872e-23
1125984320.000000 -1.7907877e-22 -4.9360272e-23
1125984380.000000 -3.4763113e-24 9.2532672e-23
1125984440.000000 3.8659840e-23 2.2070377e-22
1125984500.000000 1.2603811e-22 -7.0130442e-23
1125984560.000000 -6.8490437e-23 3.6448478e-23
1125984620.000000 1.3947786e-22 3.6312633e-23
1125984680.000000 -1.4497384e-22 1.6500250e-22
1125984740.000000 -1.9230714e-25 -1.0840657e-23
1125984800.000000 7.5005345e-24 -4.6355846e-23
1125984860.000000 -3.0874932e-24 3.7297601e-23
1125984920.000000 1.5574345e-22 8.5561189e-23
1125984980.000000 -1.0556892e-23 -9.3061119e-24
1125985040.000000 -1.8812455e-22 -4.3740397e-23
1125985100.000000 -4.0387968e-23 1.0441096e-22
1125985160.000000 -6.6199734e-23 1.6516174e-22
1125985220.000000 -3.4191712e-23 -8.1235492e-24
1125985280.000000 6.0218124e-23 -8.9920619e-24
1125985340.000000 1.2475348e-24 -5.2163685e-23
1125985400.000000 2.0447149e-22 6.8490082e-23
1125985460.000000 8.8135148e-23 1.0331676e-22
1125985520.000000 -1.1016627e-22 -1.6123425e-22
1125985580.000000 4.6852861e-23 1.1581008e-22
1125985640.000000 9.1526716e-23 6.8357541e-23
1125985700.000000 2.7530463e-23 8.3272663e-23
1125985760.000000 -1.7276397e-22 3.7907541e-23
1125985820.000000 7.5508352e-23 -1.2303781e-22
1125985880.000000 1.0570937e-23 1.2123434e-22
1125985940.000000 -1.3394640e-22 7.5031103e-23
1125986000.000000 -1.1108179e-22 -4.1672331e-23
1125986060.000000 1.2034673e-22 6.4387603e-23
1125986120.000000 -2.0423582e-23 -1.9614369e-22
1125986180.000000 -8.6047091e-23 -6.6684999e-23
1125986240.000000 -1.3705136e-22 -1.2387273e-22
1125986300.000000 4.0657950e-23 -1.0377594e-23
1125986360.000000 -1.7132279e-22 -6.5345658e-23
1125986420.000000 -1.7690571e-22 -2.9996994e-23
1125986480.000000 7.8708978e-23 1.4257520e-22
1125986540.000000 -1.4539924e-22 7.5128531e-23
1125986600.000000 -1.9302627e-23 6.2709790e-23
1125986660.000000 -8.2728910e-23 5.3155713e-23
1125986720.000000 7.8017132e-23 -2.7389633e-23
1125986780.000000 -1.2523275e-22 -1.1221674e-22
1125986840.000000 8.7833547e-23 1.3285147e-22
1125986900.000000 2.7393432e-23 2.2946378e-23
1125986960.000000 -1.0667187e-22 -1.0885998e-22
1125987020.000000 -1.9166100e-23 -1.1627932e-22
1125987080.000000 -2.6302724e-22 7.8252146e-23
1125987140.000000 2.0697684e-22 -8.2382482e-23
1125987200.000000 -2.3254071e-23 -1.0341680e-22
1125987260.000000 6.9623226e-23 4.9070595e-24
1125987320.000000 7.3804389e-23 -1.4519340e-23
1125987380.000000 5.3202558e-23 1.1134002e-22
1125987440.000000 -3.2556323e-23 3.5751861e-23
1125987500.000000 -7.2802955e-23 -4.7331919e-24
1125987560.000000 5.1334266e-23 8.6486389e-23
1125987620.000000 -1.4099561e-22 -1.6170850e-22
1125987680.000000 -3.4846272e-23 8.2985752e-23
1125987740.000000 -2.9317684e-23 5.3505532e-24
1125987800.000000 6.5016722e-23 -4.7196928e-23
1125987860.000000 -1.0652080e-22 -1.3888548e-23
1125987920.000000 2.0107589e-23 1.7627052e-24
1125987980.000000 3.1968455e-23 -9.3326435e-23
1125988040.000000 1.8018694e-22 -3.4892363e-24
1125988100.000000 -3.6370354e-23 -6.1516006e-23
1125988160.000000 -3.3822480e-23 1.0624229e-22
1125988220.000000 2.1405548e-23 -3.2194706e-24
1125988280.000000 8.8675643e-23 -4.3577368e-23
1125988340.000000 4.8155402e-24 7.3971688e-23
1125988400.000000 -5.8476945e-23 -5.3802878e-23
1125988460.000000 1.1654363e-22 2.5018915e-22
1125988520.000000 1.1872927e-22 -4.2342897e-23
1125988580.000000 -8.8327048e-23 6.6180139e-23
1125988640.000000 -1.3769943e-22 -1.3672655e-24
1125988700.000000 -1.8518704e-22 -1.8417070e-22
1125988760.000000 -8.6085560e-23 -6.0236944e-23
1125988820.000000 4.3494418e-23 -1.7071742e-22
1125988880.000000 7.3678758e-23 4.4036627e-24
1125988940.000000 8.6010592e-23 3.1804610e-23
1125989000.000000 -2.5574839e-23 9.3029365e-24
1125989060.000000 -3.5124557e-23 -7.5286433e-23
1125989120.000000 1.2373086e-22 9.1334684e-23
1125989180.000000 -8.9585383e-23 2.0889290e-22
1125989240.000000 -6.0746255e-23 -6.7545705e-23
1125989300.000000 6.7306557e-23 4.3907307e-23
1125989360.000000 8.1838467e-23 -8.4457072e-23
1125989420.000000 2.1613117e-23 -1.1844002e-22
1125989480.000000 1.7168321e-23 -1.5904556e-23
1125989540.000000 -3.2415905e-23 8.7351841e-23
1125989600.000000 -1.3158328e-22 1.8995413e-22
1125989660.000000 1.0077954e-22 -1.1996437e-23
1125989720.000000 -3.6684967e-23 -4.5069604e-23
1125989780.000000 9.6122133e-23 -1.8475947e-22
1125989840.000000 3.4953145e-23 -1.5301200e-22
1125989900.000000 1.9148889e-22 6.0296290e-24
1125989960.000000 -5.7888262e-23 2.9647009e-23
1125990020.000000 1.0672179e-22 -4.5104237e-23
1125990080.000000 4.2262967e-23 -2.1091139e-22
1125990140.000000 3.1974277e-23 -4.4774801e-23
1125990200.000000 -1.1901480e-23 -7.6647671e-23
1125990260.000000 -3.7668575e-23 1.2796857e-22
1125990320.000000 -1.5203520e-22 9.0654913e-23
1125990380.000000 1.1211203e-22 4.7808573e-24
1125990440.000000 -2.0585137e-22 -7.4084680e-23
1125990500.000000 -1.2889791e-22 -1.0745495e-23
1125990560.000000 -5.0229360e-23 5.5628681e-23
1125990620.000000 4.7647620e-24 -6.1636753e-23
1125990680.000000 -3.0748185e-23 -8.4890116e-23
1125990740.000000 -1.2494341e-23 -6.1159869e-23
1125990800.000000 -3.0422745e-23 -7.5411544e-23
1125990860.000000 3.4900070e-23 4.3493126e-23
1125990920.000000 1.3600424e-22 1.3092057e-22
1125990980.000000 6.3488254e-23 1.4943912e-22
1125991040.000000 -1.8415007e-22 1.0641031e-23
1125991100.000000 8.2020895e-23 4.8639064e-25
1125991160.000000 1.0364681e-22 -1.3618072e-22
1125991220.000000 8.8943267e-23 -2.0202460e-23
1125991280.000000 9.8784527e-23 5.2792889e-23
1125991340.000000 5.1083250e-23 -1.8005044e-22
1125991400.000000 -2.5222218e-23 5.6661256e-23
1125991460.000000 -1.4661634e-22 7.9331907e-23
1125991520.000000 -1.4106386e-24 1.7060101e-22
1125991580.000000 1.0131690e-22 5.7150658e-25
1125991640.000000 8.0581387e-23 9.3853559e-23
1125991700.000000 3.8928896e-24 -1.8595303e-22
1125991760.000000 5.0381114e-23 -1.6314934e-22
1125991820.000000 2.1803236e-24 -1.0599728e-22
1125991880.000000 -1.0741579e-22 -5.8089104e-23
1125991940.000000 -5.6677060e-23 -1.0389378e-22
1125992000.000000 1.5238160e-24 1.8717208e-22
1125992060.000000 -3.9542285e-24 2.0612673e-22
1125992120.000000 -1.3277384e-22 -3.5466271e-23
1125992180.000000 -1.6434737e-22 5.5861943e-23
1125992240.000000 -2.8904730e-23 -1.0123797e-23
1125992300.000000 -3.1983278e-24 4.1547357e-23
1125992360.000000 -1.7911268e-22 8.7932849e-23
1125992420.000000 2.4897191e-22 7.0113815e-25
1125992480.000000 1.8240901e-23 7.1433548e-23
1125992540.000000 2.9350197e-22 -1.2582435e-22
1125992600.000000 -1.0817027e-22 -6.4745325e-23
1125992660.000000 9.8600220e-23 -6.8774133e-23
1125992720.000000 -1.8213907e-22 -1.3547364e-24
1125992780.000000 -1.5378397e-22 -3.5168513e-23
1125992840.000000 -1.1946586e-22 -1.2811292e-22
1125992900.000000 7.8514535e-23 1.0922010e-22
1125992960.000000 -4.3070108e-23 -1.3224384e-22
1125993020.000000 -7.2770797e-23 5.4520837e-23
1125993080.000000 -1.7263546e-22 -3.8268428e-23
1125993140.000000 1.0115943e-22 -1.0741552e-22
1125993200.000000 1.1120840e-22 1.2069819e-22
1125993260.000000 -7.6072613e-23 -3.5095266e-23
1125993320.000000 1.1004234e-22 3.8844704e-23
1125993380.000000 5.4334868e-23 -3.1569574e-23
1125993440.000000 -1.1568181e-22 -5.3134705e-23
1125993500.000000 2.4571367e-22 1.3598468e-23
1125993560.000000 1.3940815e-22 2.8226849e-23
1125993620.000000 1.3870326e-23 8.8743167e-23
1125993680.000000 1.7317618e-22 -5.3856230e-23
1125993740.000000 -9.1913350e-24 9.4829202e-23
1125993800.000000 -2.5676296e-23 -8.4368999e-24
1125993860.000000 4.5518377e-23 1.9480945e-24
1125993920.000000 -2.3582062e-22 -9.9783144e-23
1125993980.000000 -1.8422249e-22 7.6040464e-23
1125994040.000000 5.1515550e-23 -2.5593684e-23
1125994100.000000 7.6724031e-23 -1.5497105e-24
1125994160.000000 -1.6862958e-24 1.5571810e-22
1125994220.000000 -9.4343228e-23 -7.7009877e-23
1125994280.000000 1.5783941e-22 1.1044504e-22
1125994340.000000 -6.9645462e-23 -1.1460876e-22
1125994400.000000 1.7303297e-22 -1.0432589e-22
1125994460.000000 -5.6914230e-23 -1.0515013e-22
1125994520.000000 -1.4314678e-22 6.1113811e-23
1125994580.000000 5.3164807e-23 -5.7970877e-23
1125994640.000000 -6.1321230e-24 -1.1137481e-22
1125994700.000000 -9.9586011e-23 1.5891160e-22
1125994760.000000 5.6977175e-23 -1.2404235e-22
1125994820.000000 9.6695846e-23 -2.4913106e-22
1125994880.000000 -3.6563246e-23 6.7371610e-23
1125994940.000000 4.5051275e-23 8.3493552e-23
1125995000.000000 -5.9162194e-23 -1.4281214e-22
1125995060.000000 -1.4751421e-22 -4.3567001e-23
1125995120.000000 1.6819351e-23 -8.3903142e-23
1125995180.000000 -1.1235523e-22 4.5235612e-23
1125995240.000000 1.3298586e-22 1.7090932e-23
1125995300.000000 9.3944181e-23 1.0733958e-22
1125995360.000000 3.1202424e-24 1.5454678e-22
1125995420.000000 -4.1240972e-23 9.3781065e-23
1125995480.000000 1.3022811e-22 6.4918638e-23
1125995540.000000 3.0158471e-23 -2.4566798e-23
1125995600.000000 7.1699722e-23 1.3649404e-22
1125995660.000000 1.9888593e-24 -9.8244176e-23
1125995720.000000 2.2743684e-24 4.0161882e-23
1125995780.000000 3.7131668e-23 -4.2451045e-23
1125995840.000000 1.3295727e-22 2.3474978e-23
1125995900.000000 2.1655625e-22 -9.2089107e-23
1125995960.000000 -1.3508553e-22 4.9365699e-23
1125996020.000000 2.4310870e-22 -2.5901595e-23
1125996080.000000 -2.3083398e-22 9.7151282e-23
1125996140.000000 -6.4727581e-23 1.2599436e-22
1125996200.000000 1.1153499e-23 2.4350169e-23
1125996260.000000 3.0621192e-23 1.1357661e-23
1125996320.000000 1.8561466e-22 -4.3219706e-23
1125996380.000000 -4.1484883e-24 -1.3038098e-22
1125996440.000000 6.1829637e-23 -1.0312491e-22
1125996500.000000 1.7103360e-24 -9.0634443e-23
1125996560.000000 9.3111082e-23 3.7280075e-23
1125996620.000000 -7.9722370e-23 -8.6770856e-23
1125996680.000000 -8.1205725e-23 -6.9074958e-23
1125996740.000000 -5.2665047e-23 3.1967691e-23
1125996800.000000 3.8289858e-24 -1.3142390e-22
1125996860.000000 1.3679789e-22 -1.8068527e-22
1125996920.000000 -1.1846627e-22 -1.4100548e-22
1125996980.000000 -8.8356092e-23 8.9918769e-23
1125997040.000000 -7.3175271e-23 -2.7399224e-23
1125997100.000000 -2.2079720e-23 -8.4912141e-23
1125997160.000000 -1.6026244e-23 -3.0134806e-23
1125997220.000000 5.8551790e-23 -1.5648454e-22
1125997280.000000 1.5483859e-22 -1.0649851e-22
1125997340.000000 4.2007791e-23 -5.1956510e-24
1125997400.000000 -1.8894141e-22 -1.1205577e-22
1125997460.000000 1.3510189e-22 -1.6473989e-22
1125997520.000000 -2.3695737e-23 1.1481177e-22
1125997580.000000 -7.3795997e-23 9.4045281e-23
1125997640.000000 5.3249026e-23 -1.5389624e-22
1125997700.000000 1.5626244e-22 5.5469102e-23
1125997760.000000 1.6647002e-22 -9.1381525e-23
1125997820.000000 1.5503638e-22 -2.5161291e-23
1125997880.000000 1.4049833e-22 -1.0446523e-22
1125997940.000000 2.4616936e-23 -1.8173929e-22
1125998000.000000 3.3763641e-23 -2.6397639e-23
1125998060.000000 -2.4200905e-23 -3.5661670e-23
1125998120.000000 7.7274415e-23 -5.7228815e-23
1125998180.000000 2.5627182e-23 1.5878216e-22
1125998240.000000 3.6103513e-23 -7.1060866e-23
1125998300.000000 9.1986126e-23 -1.2063967e-22
1125998360.000000 2.7391698e-23 1.3415363e-23
1125998420.000000 1.1677821e-23 -3.5553844e-23
1125998480.000000 -4.4678353e-23 2.2951558e-22
1125998540.000000 -3.7214821e-23 6.0510757e-23
1125998600.000000 1.0117006e-23 2.9116166e-23
1125998660.000000 -1.0952566e-22 -4.7329010e-23
1125998720.000000 -2.6557977e-24 5.4048806e-23
1125998780.000000 -4.0557223e-23 -5.0198407e-23
1125998840.000000 1.8360596e-22 1.0409373e-22
1125998900.000000 1.3195381e-22 -2.9221780e-22
1125998960.000000 1.3080993e-22 -2.4400438e-22
1125999020.000000 -1.9355223e-22 1.2326332e-22
1125999080.000000 -1.0659116e-22 -1.8909312e-23
1125999140.000000 -5.0549770e-23 1.5619010e-22
1125999200.000000 -2.1677480e-22 2.1491503e-22
1125999260.000000 -9.5721725e-23 2.9807664e-23
1125999320.000000 -1.5909863e-24 -1.6128755e-22
1125999380.000000 -1.0026318e-22 -9.5904979e-23
1125999440.000000 -1.6523637e-22 -1.2678942e-22
1125999500.000000 -5.1776042e-24 -5.6036550e-23
1125999560.000000 1.0886044e-22 1.6098334e-24
1125999620.000000 1.0760183e-22 7.3023675e-23
1125999680.000000 -8.0146770e-23 1.5155803e-22
1125999740.000000 1.4300135e-22 5.4165671e-23
1125999800.000000 -5.4657125e-23 -1.4190328e-22
1125999860.000000 -7.7468020e-23 -1.5604711e-23
1125999920.000000 2.7887564e-23 1.7096325e-22
1125999980.000000 5.1208230e-23 4.7684039e-23
1126000040.000000 1.9110849e-22 1.0988129e-22
1126000100.000000 -4.8710979e-23 5.6392249e-23
1126000160.000000 1.0663239e-22 1.9461143e-22
1126000220.000000 7.0231091e-23 -5.5291314e-23
1126000280.000000 -9.4057580e-23 -4.7943199e-23
1126000340.000000 2.1139612e-22 3.4800222e-23
1126000400.000000 1.0835412e-22 1.4405987e-22
1126000460.000000 -1.5840817e-22 8.2736522e-23
1126000520.000000 -3.8728526e-23 4.8472394e-23
1126000580.000000 2.2007929e-23 -6.1489186e-23
1126000640.000000 7.7595287e-23 5.5108906e-23
1126000700.000000 6.9170873e-23 1.0661323e-22
1126000760.000000 -1.5438808e-22 1.1386058e-22
1126000820.000000 -5.7519929e-23 5.0577637e-23
1126000880.000000 -2.2713979e-23 -1.9966315e-23
1126000940.000000 -6.2949099e-23 -4.5498283e-25
1126001000.000000 -1.5447473e-22 -5.7935746e-23
1126001060.000000 2.7902277e-24 -7.8827738e-23
1126001120.000000 6.2479631e-24 2.7547328e-23
1126001180.000000 3.6230467e-23 -1.6625104e-22
1126001240.000000 -9.2282657e-23 1.6961414e-22
1126001300.000000 5.4708351e-23 -1.7178705e-22
1126001360.000000 -1.6397828e-24 1.2665524e-22
1126001420.000000 1.2898011e-22 -8.5402862e-23
1126001480.000000 1.3329593e-23 1.2299615e-23
1126001540.000000 1.3159824e-22 8.1749655e-23
1126001600.000000 -1.3167988e-22 1.3298718e-22
1126001660.000000 5.3797113e-23 -1.3135442e-22
1126001720.000000 -1.9827022e-23 -2.3910623e-22
1126001780.000000 -1.4191714e-22 -7.2264667e-23
1126001840.000000 4.5625740e-23 1.0831241e-22
1126001900.000000 -1.8373110e-23 2.2309825e-22
1126001960.000000 1.3863650e-23 -4.1865325e-23
1126002020.000000 -1.9196896e-22 6.2378349e-23
1126002080.000000 6.4466834e-23 -8.9558607e-23
1126002140.000000 5.7995034e-23 1.3102803e-22
1126002200.000000 -9.9375018e-24 -9.9241798e-23
1126002260.000000 4.7687018e-23 -1.4158084e-22
1126002320.000000 4.9772429e-23 -1.5229791e-22
1126002380.000000 5.3523660e-23 -1.2000310e-22
1126002440.000000 -1.4040425e-22 1.9518160e-23
1126002500.000000 -1.0123700e-22 4.6050163e-23
1126002560.000000 -6.3008393e-23 9.9047064e-23
1126002620.000000 1.8969067e-23 1.1476504e-22
1126002680.000000 -1.1430838e-22 -7.2678629e-23
1126002740.000000 -8.1819090e-23 6.9026344e-23
1126002800.000000 -2.3615496e-22 -8.2451354e-23
1126002860.000000 3.7157207e-24 -6.6977281e-23
1126002920.000000 2.8496941e-23 -3.6224035e-23
1126002980.000000 -1.1324796e-22 1.4641891e-22
1126003040.000000 -7.4421233e-23 -2.2843869e-23
1126003100.000000 1.1696500e-22 -2.1106405e-23
1126003160.000000 6.8654812e-23 -8.2891633e-23
1126003220.000000 1.0090067e-22 -1.0319458e-23
1126003280.000000 -1.0494087e-22 -6.7931605e-23
1126003340.000000 -2.2155519e-24 1.5865995e-24
1126003400.000000 1.6881183e-23 -1.5879555e-22
1126003460.000000 8.9296072e-23 3.1872992e-23
1126003520.000000 -2.5841814e-22 -1.0863505e-22
1126003580.000000 -9.1410286e-23 5.7744956e-23
1126003640.000000 -4.2899009e-23 -1.8857685e-22
1126003700.000000 2.6445156e-23 2.7472627e-23
1126003760.000000 -7.6933144e-23 -1.4331740e-23
1126003820.000000 -1.0284027e-22 -1.8550602e-23
1126003880.000000 -3.1113058e-23 -5.6894991e-24
1126003940.000000 1.9649800e-22 -1.1027309e-22
1126004000.000000 1.1503116e-22 1.5228806e-22
1126004060.000000 2.9011966e-25 -1.8102840e-22
1126004120.000000 -1.8438772e-22 9.9699169e-23
1126004180.000000 4.2833263e-23 2.2056055e-22
1126004240.000000 -7.5799128e-23 -3.1660784e-24
1126004300.000000 6.1051650e-23 -1.4808444e-22
1126004360.000000 1.8017574e-23 4.0001314e-23
1126004420.000000 9.6734698e-23 -2.2481644e-23
1126004480.000000 -1.2567053e-22 8.4963458e-23
1126004540.000000 -1.6078694e-23 -1.5627042e-22
1126004600.000000 -1.3480798e-23 -1.4451999e-22
1126004660.000000 1.7440461e-23 3.4346548e-23
1126004720.000000 -4.1545950e-23 5.8788797e-23
1126004780.000000 -1.2966790e-23 -6.5844638e-23
1126004840.000000 -1.3184015e-22 2.6817941e-22
1126004900.000000 5.1532956e-24 -3.7863045e-23
1126004960.000000 -4.6293188e-24 1.3480153e-22
1126005020.000000 6.2820228e-23 -8.9304245e-23
1126005080.000000 3.4891845e-23 -7.9828284e-23
1126005140.000000 -8.3919907e-23 -8.1689898e-23
1126005200.000000 9.6969705e-23 8.8362499e-23
1126005260.000000 1.5876201e-22 2.4074584e-22
1126005320.000000 6.9277635e-23 1.2822824e-22
1126005380.000000 9.0282567e-23 -9.7086464e-23
1126005440.000000 5.3681567e-23 5.5000047e-23
1126005500.000000 -4.5619453e-23 1.1628984e-23
1126005560.000000 1.1202200e-22 -2.4885852e-23
1126005620.000000 1.4647144e-22 9.7491283e-23
1126005680.000000 -6.8710680e-23 -2.1645866e-23
1126005740.000000 -1.3922738e-22 5.1527205e-23
1126005800.000000 8.1482553e-23 -1.4397517e-22
1126005860.000000 6.9054389e-23 -1.1512953e-22
1126005920.000000 -1.9113402e-25 2.2133678e-23
1126005980.000000 1.3865112e-22 2.1301436e-23
1126006040.000000 4.4064501e-23 2.3202822e-23
1126006100.000000 -9.3335527e-23 6.6371882e-23
1126006160.000000 -7.5259823e-24 2.6530671e-23
1126006220.000000 -3.4350233e-23 -4.7309946e-23
1126006280.000000 -5.4353083e-23 -8.0353453e-23
1126006340.000000 -3.7927386e-23 -9.0936442e-23
1126006400.000000 -1.5542423e-22 4.6103155e-23
1126006460.000000 -8.5270652e-23 -9.1290816e-23
1126006520.000000 -1.2573414e-22 -1.5890772e-22
1126006580.000000 -9.9560402e-23 9.1092685e-23
1126006640.000000 -1.8638593e-23 -4.0623514e-24
1126006700.000000 -1.5114571e-22 -2.6449947e-23
1126006760.000000 -1.6829211e-22 3.3867606e-23
1126006820.000000 -7.2509675e-23 -4.1912676e-23
1126006880.000000 3.4000416e-23 -1.5469234e-22
1126006940.000000 1.5375010e-23 1.4596182e-23
1126007000.000000 -1.1023330e-22 1.0892644e-22
1126007060.000000 2.5380504e-23 9.6027430e-23
1126007120.000000 4.1159363e-23 -1.0989903e-22
1126007180.000000 8.8311758e-23 -3.9865308e-23
1126007240.000000 -5.8095174e-23 -2.1000650e-23
1126007300.000000 3.6637755e-23 3.3455384e-23
1126007360.000000 -1.6440222e-23 -4.5335946e-23
1126007420.000000 3.1097904e-23 1.5189270e-22
1126007480.000000 1.7521653e-22 1.9760202e-22
1126007540.000000 -1.2764654e-23 9.0188247e-23
1126007600.000000 -8.1029324e-23 -1.6047257e-22
1126007660.000000 -2.2440898e-22 3.1753548e-23
1126007720.000000 1.1182038e-22 -3.9098736e-23
1126007780.000000 2.9039936e-23 -8.8971096e-23
1126007840.000000 -2.0455349e-22 8.3266912e-23
1126007900.000000 4.0811838e-23 1.4437122e-22
1126007960.000000 1.4505966e-24 -2.3216657e-22
1126008020.000000 8.3838014e-23 5.1999322e-23
1126008080.000000 -8.9641765e-23 -1.0848378e-22
1126008140.000000 4.5213071e-23 -5.9003898e-23
1126008200.000000 1.2870423e-22 4.8842927e-23
1126008260.000000 1.6894163e-22 -1.2684526e-23
1126008320.000000 8.5342659e-23 5.8977887e-23
1126008380.000000 6.8996934e-24 -1.0357012e-22
1126008440.000000 3.4724260e-23 2.3031930e-23
1126008500.000000 4.2072714e-23 -1.9064140e-23
1126008560.000000 -1.2369952e-24 1.0528913e-22
1126008620.000000 4.7204932e-23 -5.7813467e-23
1126008680.000000 -5.5789743e-23 -5.8432783e-23
1126008740.000000 1.7948279e-22 6.7631872e-23
1126008800.000000 -1.3419692e-22 -1.4767653e-22
1126008860.000000 -3.2906973e-23 4.6691473e-23
1126008920.000000 -7.3730853e-23 -3.4991861e-23
1126008980.000000 4.2087321e-23 1.3183521e-22
1126009040.000000 -3.0172836e-22 -7.3472785e-23
1126009100.000000 -2.5787797e-23 -1.9858507e-22
1126009160.000000 -2.3694272e-22 5.4372707e-24
1126009220.000000 1.3202160e-23 6.4791667e-23
1126009280.000000 1.3713661e-22 1.3839267e-22
1126009340.000000 8.5744360e-23 -1.2433039e-22
1126009400.000000 -1.4287545e-22 1.5411271e-22
1126009460.000000 -1.0684805e-22 3.7212622e-23
1126009520.000000 -8.2379798e-24 -1.3092534e-22
1126009580.000000 5.9448194e-24 -2.1538595e-23
1126009640.000000 -4.6493463e-24 -1.0064090e-22
1126009700.000000 -1.0478439e-23 -1.4427511e-22
1126009760.000000 3.1157470e-23 3.9313801e-23
1126009820.000000 -1.7121591e-22 6.3978772e-23
1126009880.000000 -6.7093100e-23 -3.6086988e-23
1126009940.000000 4.1663454e-24 -1.1546497e-22
1126010000.000000 -6.8885897e-23 -9.3528383e-23
1126010060.000000 3.9065103e-24 3.2138101e-22
1126010120.000000 8.2088071e-23 -7.1284329e-23
1126010180.000000 -8.4623375e-23 9.5518435e-23
1126010240.000000 -1.0666714e-22 6.8816145e-23
1126010300.000000 -4.1759555e-23 -1.2806976e-22
1126010360.000000 1.7199266e-22 -3.1603148e-23
1126010420.000000 8.9433047e-23 -1.9516446e-23
1126010480.000000 1.2392181e-22 -2.3457130e-22
1126010540.000000 -1.6421404e-22 3.4939726e-23
1126010600.000000 -7.5459846e-24 -5.1185402e-23
1126010660.000000 -2.8601690e-23 -1.0885338e-22
1126010720.000000 1.1017614e-22 -1.4607755e-22
1126010780.000000 1.3266076e-22 -8.9255191e-23
1126010840.000000 -1.2598930e-22 8.9269593e-23
1126010900.000000 -1.5099014e-24 7.8510327e-23
1126010960.000000 -9.4603297e-23 -6.7448706e-23
1126011020.000000 1.2791590e-23 -1.2445636e-23
1126011080.000000 -6.8709535e-23 3.3074344e-23
1126011140.000000 6.0845222e-23 -7.6680104e-23
1126011200.000000 1.4326553e-22 8.6472474e-23
1126011260.000000 2.8258983e-23 2.4426896e-23
1126011320.000000 -1.6955549e-22 2.0534592e-22
1126011380.000000 9.3861183e-23 -6.7943267e-23
1126011440.000000 7.3430719e-23 -1.8534775e-22
1126011500.000000 -1.3803328e-22 -2.7108068e-23
1126011560.000000 -1.9043813e-23 6.2344111e-24
1126011620.000000 4.5478556e-23 -3.9039659e-23
1126011680.000000 1.4409004e-22 2.5436994e-23
1126011740.000000 6.4839440e-23 1.9609893e-23
1126011800.000000 5.7397184e-23 -9.8496231e-23
1126011860.000000 6.9977909e-23 1.7076954e-23
1126011920.000000 -4.3007178e-23 1.8693819e-22
1126011980.000000 -9.0964415e-23 6.8338571e-23
1126012040.000000 -3.9398158e-23 8.8509268e-23
1126012100.000000 -1.0987306e-22 7.4242334e-23
1126012160.000000 -8.4755049e-23 1.1029620e-22
1126012220.000000 -1.6890769e-22 6.3737015e-23
1126012280.000000 -9.1827863e-23 -2.7899449e-22
1126012340.000000 5.1126246e-23 2.5997887e-23
1126012400.000000 -1.0278884e-22 -5.8829746e-24
1126012460.000000 1.0327263e-22 1.5192042e-22
1126012520.000000 2.5544751e-23 -1.5675753e-22
1126012580.000000 1.4409607e-22 1.5685052e-22
1126012640.000000 -4.9411668e-23 1.9280663e-22
1126012700.000000 -7.8449497e-23 1.2962071e-22
1126012760.000000 -2.5420655e-23 -1.9465927e-23
1126012820.000000 -4.5701966e-23 -2.4627587e-22
1126012880.000000 1.0281073e-23 -1.1627425e-22
1126012940.000000 9.2854444e-23 6.8956103e-23
1126013000.000000 -3.1836543e-22 1.1843923e-22
1126013060.000000 -2.7393973e-23 -4.8675799e-23
1126013120.000000 -1.0829241e-22 -8.0570110e-23
1126013180.000000 -8.7326058e-23 1.1664228e-23
1126013240.000000 1.0258474e-22 1.9951178e-22
1126013300.000000 3.7184662e-23 8.9614787e-23
1126013360.000000 -4.6702820e-23 -5.9174962e-23
1126013420.000000 -4.4408428e-23 2.1999334e-23
1126013480.000000 -2.2357399e-22 4.8326984e-23
1126013540.000000 1.6725882e-24 2.4444815e-24
1126013600.000000 2.0725752e-23 2.0320228e-22
1126013660.000000 -6.1174058e-23 -1.5768570e-22
1126013720.000000 1.2939083e-22 -4.5904501e-23
1126013780.000000 9.9420917e-23 -1.1010521e-22
1126013840.000000 -5.9288032e-23 6.3029179e-23
1126013900.000000 1.2722392e-22 1.0594146e-22
1126013960.000000 1.9474524e-23 5.2205268e-23
1126014020.000000 -1.0345931e-22 4.8670751e-23
1126014080.000000 -5.8738001e-23 9.5069262e-23
1126014140.000000 -1.0258671e-23 8.6158185e-23
1126014200.000000 4.6136373e-23 -6.1896284e-23
1126014260.000000 -5.4537059e-23 3.8280390e-23
1126014320.000000 -1.3115072e-22 1.4712421e-23
1126014380.000000 -9.1815994e-23 9.1031246e-23
1126014440.000000 3.3949029e-23 -2.4805392e-23
1126014500.000000 4.1063792e-23 -2.6823284e-23
1126014560.000000 -1.3014555e-22 2.9294723e-23
1126014620.000000 -1.1151361e-22 2.1175354e-22
1126014680.000000 -1.0641410e-22 2.8100997e-23
1126014740.000000 4.4560082e-23 -5.7417408e-23
1126014800.000000 5.8719254e-24 -2.5819531e-23
1126014860.000000 -3.1633432e-23 -4.0357069e-23
1126014920.000000 9.3810718e-23 3.0604416e-23
1126014980.000000 -7.3974991e-23 1.4155575e-23
1126015040.000000 5.0617121e-23 1.1430213e-22
1126015100.000000 -1.0085431e-22 6.0923703e-23
1126015160.000000 -8.0309343e-23 -8.7618225e-24
1126015220.000000 -9.7651736e-23 -8.1608111e-23
1126015280.000000 -2.1480945e-22 -7.1302394e-23
1126015340.000000 3.6864902e-23 -1.3228632e-23
1126015400.000000 -3.6227246e-23 5.4376009e-23
1126015460.000000 -6.9818291e-23 1.5976374e-23
1126015520.000000 -1.4694386e-22 1.6453425e-23
1126015580.000000 -2.0420600e-23 7.1728948e-23
1126015640.000000 -5.9618778e-23 -7.5491275e-23
1126015700.000000 -2.0976983e-22 -1.5713241e-22
1126015760.000000 -3.7367488e-23 7.1024000e-24
1126015820.000000 -1.3527464e-22 2.7498647e-22
1126015880.000000 -2.0729402e-22 4.9355504e-23
1126015940.000000 8.4871902e-23 -9.9565163e-23
1126016000.000000 6.8926584e-23 -8.8210580e-23
1126016060.000000 -1.0111043e-22 -7.2082396e-23
1126016120.000000 5.0368730e-23 2.1321053e-23
1126016180.000000 -1.2135523e-22 -1.9554295e-22
1126016240.000000 7.3694036e-23 1.2848878e-22
1126016300.000000 1.6264754e-22 -1.4072681e-23
1126016360.000000 -2.1481353e-22 8.4977519e-24
1126016420.000000 6.8824027e-24 1.4542787e-22
1126016480.000000 -4.8990057e-23 -8.9040672e-23
1126016540.000000 7.6370209e-23 -3.4510250e-23
1126016600.000000 -8.0054507e-23 -4.5274279e-23
1126016660.000000 -2.0240818e-22 -6.8503765e-23
1126016720.000000 -8.8614811e-23 -1.0255379e-22
1126016780.000000 4.5820641e-23 2.3322406e-23
1126016840.000000 -2.4842360e-23 -4.4590913e-23
1126016900.000000 -2.0487206e-22 -4.2737603e-23
1126016960.000000 1.6627343e-22 6.9205346e-23
1126017020.000000 1.1932219e-22 1.3639129e-22
1126017080.000000 6.8715724e-23 -5.4302350e-23
1126017140.000000 -4.7558850e-23 -1.0022388e-22
1126017200.000000 -8.8643865e-23 7.9389306e-23
1126017260.000000 7.4597619e-23 -5.0180637e-23
1126017320.000000 5.5753358e-23 -1.3681736e-23
1126017380.000000 1.4695502e-22 -7.8994503e-23
1126017440.000000 -1.0632574e-22 1.0420796e-22
1126017500.000000 -1.0790025e-22 6.0963108e-23
1126017560.000000 3.1305286e-23 7.2835762e-23
1126017620.000000 8.7092823e-23 2.3636654e-22
1126017680.000000 -7.9053645e-24 1.6816657e-22
1126017740.000000 -1.3741568e-22 -1.5342186e-23
1126017800.000000 4.5920797e-23 -1.8907179e-22
1126017860.000000 -1.3223222e-23 -1.2666844e-23
1126017920.000000 5.2367099e-24 6.9526057e-23
1126017980.000000 -1.0222096e-22 -1.8819518e-24
1126018040.000000 1.2011583e-22 5.7153061e-23
1126018100.000000 1.8552069e-22 8.6150047e-23
1126018160.000000 -5.1438096e-23 1.3916991e-22
1126018220.000000 -9.7119203e-23 1.6440232e-22
1126018280.000000 -1.9137932e-22 4.8060826e-23
1126018340.000000 -1.2185366e-22 -1.6074513e-22
1126018400.000000 -1.2898803e-22 -1.3513093e-22
1126018460.000000 1.4208479e-22 1.3406787e-22
1126018520.000000 -6.4559204e-24 -6.5033430e-23
1126018580.000000 6.0635651e-23 3.2432593e-23
1126018640.000000 -2.0218259e-23 7.3021499e-23
1126018700.000000 -5.8558498e-23 3.5126209e-23
1126018760.000000 -1.7028394e-23 -4.8180021e-23
1126018820.000000 -1.5512786e-22 -8.6105441e-23
1126018880.000000 -3.1942793e-24 -3.7296554e-23
1126018940.000000 -2.9682076e-23 8.5101421e-23
1126019000.000000 5.1385707e-23 -1.0214725e-22
1126019060.000000 -3.5824894e-22 -5.6802718e-23
1126019120.000000 -4.0364731e-23 6.4006632e-23
1126019180.000000 -9.3372934e-23 1.3155930e-24
1126019240.000000 6.4484516e-23 -1.2683357e-22
1126019300.000000 8.8851683e-23 1.3221426e-23
1126019360.000000 7.1342773e-24 2.7201832e-23
1126019420.000000 1.5098291e-22 -9.5725472e-25
1126019480.000000 1.6694014e-22 -4.7010956e-23
1126019540.000000 -1.1549499e-22 -1.0835487e-22
1126019600.000000 8.0818538e-23 -1.3961577e-22
1126019660.000000 5.3480958e-23 -1.6205458e-23
1126019720.000000 -9.3870489e-23 -9.0486604e-23
1126019780.000000 8.3307132e-23 -4.7894689e-23
1126019840.000000 -9.4455608e-23 3.0638839e-22
1126019900.000000 5.6953632e-23 -2.8255973e-23
1126019960.000000 -2.1030106e-23 1.9851910e-22
1126020020.000000 2.4751689e-23 4.0894659e-25
1126020080.000000 1.5525597e-22 -4.0250863e-23
1126020140.000000 3.5628749e-23 -4.6394672e-23
1126020200.000000 2.1042478e-22 1.4617214e-22
1126020260.000000 -1.3561567e-23 -4.6055215e-23
1126020320.000000 -3.4936268e-23 4.8522264e-23
1126020380.000000 1.2975479e-22 -2.5397201e-23
1126020440.000000 2.1374906e-23 1.5080452e-23
1126020500.000000 -7.2327290e-23 -4.0367975e-24
1126020560.000000 4.8801329e-23 -6.0294576e-23
1126020620.000000 6.2456397e-23 -5.2905236e-23
1126020680.000000 -1.0751398e-22 1.2138793e-22
1126020740.000000 -4.0074140e-23 2.4082359e-23
1126020800.000000 9.4013024e-23 3.7440951e-23
1126020860.000000 4.8522876e-24 2.2674557e-23
1126020920.000000 2.2108125e-23 -7.1276499e-23
1126020980.000000 2.2445618e-23 -1.3024568e-22
1126021040.000000 -1.3460764e-22 5.1384968e-23
1126021100.000000 -2.8288465e-23 4.6172287e-23
1126021160.000000 -1.2490801e-22 4.2297409e-23
1126021220.000000 -1.7119774e-22 -6.1906091e-23
1126021280.000000 -1.0136166e-22 -1.1106085e-23
1126021340.000000 -1.1930833e-22 -7.0809282e-23
1126021400.000000 -1.4087306e-22 1.1358823e-22
1126021460.000000 1.5525274e-22 1.1827018e-22
1126021520.000000 9.0127772e-23 -8.9981625e-23
1126021580.000000 -5.6413273e-23 -7.0729348e-23
1126021640.000000 -6.5077487e-23 4.3884262e-23
1126021700.000000 8.2732511e-23 3.5550644e-23
1126021760.000000 1.2763273e-22 9.9337002e-23
1126021820.000000 7.8567545e-23 -1.2174905e-22
1126021880.000000 7.7351031e-23 1.2399200e-24
1126021940.000000 -3.8582450e-23 9.2267901e-23
1126022000.000000 -1.8287676e-22 -1.8227513e-22
1126022060.000000 1.3719024e-23 -3.5726571e-23
1126022120.000000 3.0434872e-23 -1.8144761e-22
1126022180.000000 -1.5638019e-22 -8.3788271e-23
1126022240.000000 2.4864099e-22 -5.9545829e-24
1126022300.000000 1.3777919e-22 6.9249240e-23
1126022360.000000 -5.2367819e-23 1.1212922e-22
1126022420.000000 -9.3281561e-23 8.0689479e-23
1126022480.000000 -8.9393200e-23 -1.9368156e-22
1126022540.000000 1.2003290e-22 4.5579401e-23
1126022600.000000 -2.2216697e-24 -5.9094410e-23
1126022660.000000 4.1535025e-23 -2.5140163e-23
1126022720.000000 1.7524404e-22 9.8900160e-23
1126022780.000000 -3.8325993e-23 1.2489946e-22
1126022840.000000 -1.0424528e-22 1.5506118e-23
1126022900.000000 4.5183430e-23 -9.6191849e-23
1126022960.000000 1.2652358e-22 4.6311593e-23
1126023020.000000 -1.4092232e-23 -2.5336199e-23
1126023080.000000 -7.5787188e-23 -1.7285553e-22
1126023140.000000 2.4850816e-24 9.7273859e-24
1126023200.000000 -2.7375911e-23 2.1312108e-22
1126023260.000000 4.2061519e-23 -2.1226954e-23
1126023320.000000 1.9164842e-22 -5.0715945e-23
1126023380.000000 1.8485017e-22 -3.9444239e-23
1126023440.000000 2.2998525e-23 -1.1489977e-22
1126023500.000000 -1.1435174e-22 6.0834959e-23
1126023560.000000 7.8992274e-23 8.7227107e-23
1126023620.000000 -7.7219125e-24 -4.9191360e-23
1126023680.000000 2.5118438e-22 -1.4261936e-22
1126023740.000000 -5.1480482e-23 -2.2306760e-22
1126023800.000000 1.4886184e-22 -1.5307806e-22
1126023860.000000 1.2579637e-23 -1.9640047e-22
1126023920.000000 3.8570257e-23 2.2015076e-22
1126023980.000000 1.5098741e-22 -5.1008184e-23
1126024040.000000 2.6725065e-23 -8.7409370e-23
1126024100.000000 -1.5113581e-22 -5.9179348e-23
1126024160.000000 -3.8826801e-23 4.0000045e-23
1126024220.000000 -1.3387746e-22 -3.3815875e-23
1126024280.000000 -5.6185110e-23 4.6598905e-23
1126024340.000000 -7.9347362e-23 -1.2592283e-22
1126024400.000000 3.8703058e-23 1.1146099e-22
1126024460.000000 -1.3901369e-22 -4.6958329e-23
1126024520.000000 -8.2122199e-23 7.1463350e-23
1126024580.000000 1.2985100e-22 2.2154450e-24
1126024640.000000 7.5598850e-24 1.0124378e-22
1126024700.000000 -1.1267432e-22 1.0057592e-22
1126024760.000000 -4.3935900e-23 -4.9774336e-23
1126024820.000000 1.5132971e-22 1.6163700e-22
1126024880.000000 -7.4394346e-23 1.4775367e-24
1126024940.000000 1.7978591e-22 5.0059678e-23
1126025000.000000 1.7435816e-22 -1.6580395e-22
1126025060.000000 6.4183293e-23 -3.0185459e-23
1126025120.000000 1.3709182e-22 2.1566816e-24
1126025180.000000 -4.2583209e-23 -1.3113940e-22
1126025240.000000 1.8400146e-23 3.1251387e-23
1126025300.000000 -1.6408279e-23 1.3554107e-22
1126025360.000000 7.2871232e-24 -3.7326735e-23
1126025420.000000 -3.4868639e-24 1.7378402e-22
1126025480.000000 4.8573502e-23 1.0541069e-22
1126025540.000000 6.7315038e-23 -5.2601559e-23
1126025600.000000 7.4418995e-23 -1.7509177e-22
1126025660.000000 -2.0598970e-23 9.7300348e-23
1126025720.000000 1.6003022e-22 5.4730496e-23
1126025780.000000 -2.7183790e-23 5.1446726e-23
1126025840.000000 -1.8085714e-22 -1.9391076e-22
1126025900.000000 1.1330867e-22 1.1327486e-22
1126025960.000000 5.6294002e-23 -2.2519318e-22
1126026020.000000 -1.0460703e-22 1.0629332e-22
1126026080.000000 5.4099177e-23 9.2403663e-23
1126026140.000000 -3.3557071e-22 1.6818585e-23
1126026200.000000 8.0066739e-24 2.0722481e-23
1126026260.000000 1.2311310e-22 -1.0220794e-22
1126026320.000000 -4.9828099e-23 -1.8839057e-22
1126026380.000000 -1.8445960e-23 -3.2626996e-23
1126026440.000000 4.6920276e-23 -2.1437613e-22
1126026500.000000 -6.1049689e-23 -4.5333130e-24
1126026560.000000 2.3071467e-22 -1.0597669e-23
1126026620.000000 5.3472333e-23 1.3189787e-22
1126026680.000000 -1.5322018e-23 -2.2211549e-23
1126026740.000000 -1.2632288e-22 2.3713255e-22
1126026800.000000 -9.2698436e-23 -7.9335615e-23
1126026860.000000 3.0953202e-24 1.5798651e-22
1126026920.000000 8.6604750e-23 -5.5394825e-23
1126026980.000000 1.1654558e-22 1.1145279e-22
1126027040.000000 -1.5702188e-22 -1.3043892e-22
1126027100.000000 5.5180121e-23 -2.5717406e-23
1126027160.000000 7.8382330e-23 5.2908032e-24
1126027220.000000 9.5460769e-23 -8.5481597e-23
1126027280.000000 -2.4751695e-22 -1.8024129e-22
1126027340.000000 -9.1088244e-23 -1.9128136e-22
1126027400.000000 -5.9480474e-23 6.1177691e-23
1126027460.000000 2.0149752e-22 -3.6956067e-23
1126027520.000000 -3.6818362e-23 -2.4688205e-22
1126027580.000000 3.3776099e-23 -1.0676729e-22
1126027640.000000 8.2963781e-23 3.4328479e-23
1126027700.000000 6.1642145e-23 -5.6383469e-23
1126027760.000000 1.5568766e-22 5.0457783e-23
1126027820.000000 5.2663286e-23 1.9461629e-23
1126027880.000000 2.1222105e-24 8.9764675e-23
1126027940.000000 4.0212331e-23 -5.9308065e-23
1126028000.000000 -1.1164935e-22 1.6681531e-22
1126028060.000000 2.6109433e-23 8.6103944e-23
1126028120.000000 4.9361324e-23 8.6294338e-23
1126028180.000000 6.3324777e-23 -1.3953901e-22
1126028240.000000 3.8157604e-23 1.4640331e-22
1126028300.000000 -1.3759887e-22 4.6632676e-23
1126028360.000000 -6.7126720e-25 -4.0175567e-23
1126028420.000000 -9.7516676e-23 6.9617327e-23
1126028480.000000 -2.3845382e-23 -1.2536943e-23
1126028540.000000 -1.7406142e-22 -1.1104195e-22
1126028600.000000 2.1468431e-24 2.4614662e-23
1126028660.000000 -8.3803489e-24 6.4969686e-23
1126028720.000000 4.5388110e-23 4.7327742e-23
1126028780.000000 7.5928523e-23 -1.3125277e-22
1126028840.000000 7.2299949e-23 -2.2119978e-23
1126028900.000000 -1.2582581e-22 1.9006940e-22
1126028960.000000 -2.8243702e-23 1.2856988e-22
1126029020.000000 6.5846050e-23 -1.2123958e-22
1126029080.000000 8.9465756e-23 8.8771994e-23
1126029140.000000 6.5059827e-24 -7.9079016e-23
1126029200.000000 3.1205991e-23 -6.3491095e-23
1126029260.000000 9.9880596e-23 1.5877005e-22
1126029320.000000 2.3299504e-23 -4.5693926e-23
1126029380.000000 -2.9457127e-23 3.3376418e-23
1126029440.000000 -8.2928103e-23 -6.7218658e-23
1126029500.000000 -4.2219722e-23 -1.0346409e-22
1126029560.000000 -3.3581098e-23 1.2886960e-22
1126029620.000000 -1.1378586e-22 4.2734786e-23
1126029680.000000 -1.4356996e-23 1.1059569e-23
1126029740.000000 1.2671240e-22 -1.1557621e-22
1126029800.000000 -1.5209463e-22 -1.2235363e-23
1126029860.000000 -1.1154886e-22 3.3457098e-23
1126029920.000000 -1.3467523e-22 5.9154117e-23
1126029980.000000 1.4344725e-22 -1.2217018e-22
1126030040.000000 3.9163828e-24 2.1524143e-23
1126030100.000000 9.2612815e-24 -1.2338266e-22
1126030160.000000 -6.6016985e-23 -1.7481278e-22
1126030220.000000 -1.0171952e-22 -1.0192270e-22
1126030280.000000 4.3080667e-23 -1.1938337e-23
1126030340.000000 1.7750869e-22 -2.2319240e-23
1126030400.000000 -3.3372993e-23 1.7039704e-22
1126030460.000000 -9.3388878e-23 1.4180572e-22
1126030520.000000 -1.4715243e-22 1.4990019e-22
1126030580.000000 -7.3174536e-23 1.0698781e-22
1126030640.000000 -5.5252031e-23 7.4923530e-23
1126030700.000000 6.7112786e-23 -4.4006416e-23
1126030760.000000 -8.0239418e-23 -1.9513449e-22
1126030820.000000 1.4559348e-22 -1.5047088e-23
1126030880.000000 5.5602182e-23 -4.6995272e-23
1126030940.000000 1.0088753e-24 8.6427191e-23
1126031000.000000 -1.0501360e-22 -8.0431319e-23
1126031060.000000 -7.3652405e-23 1.0779922e-22
1126031120.000000 -5.6471245e-23 -3.7166344e-23
1126031180.000000 -9.0528541e-23 2.7932194e-23
1126031240.000000 -1.8399312e-22 7.5712817e-23
1126031300.000000 -1.6163514e-22 -2.1633267e-22
1126031360.000000 3.5768688e-24 -1.7631013e-24
1126031420.000000 7.7120077e-23 -4.7226237e-23
1126031480.000000 -2.9731774e-22 -4.0299220e-24
1126031540.000000 2.9275748e-23 -1.2743893e-22
1126031600.000000 1.8107477e-22 1.4021551e-23
1126031660.000000 -4.8346209e-25 1.0599886e-22
1126031720.000000 6.7949624e-23 -5.9364969e-23
1126031780.000000 4.5826690e-23 1.5012026e-22
1126031840.000000 3.8871670e-23 -4.3933589e-23
1126031900.000000 -1.3474609e-22 -7.9313638e-23
1126031960.000000 2.6150420e-22 5.1314406e-23
1126032020.000000 -1.8647789e-23 7.4182295e-23
1126032080.000000 -2.1318804e-22 -1.1199897e-22
1126032140.000000 -1.4273770e-22 -4.0464686e-23
1126032200.000000 -1.0826670e-22 -2.3770122e-23
1126032260.000000 -7.4230625e-23 -1.2341507e-22
1126032320.000000 1.4196465e-22 1.1038033e-22
1126032380.000000 -1.1442689e-22 1.2025112e-22
1126032440.000000 7.8365524e-24 5.7605945e-23
1126032500.000000 -2.2405661e-22 -2.6700751e-22
1126032560.000000 -5.7724477e-23 5.8250104e-23
1126032620.000000 3.7911036e-23 -6.6055270e-24
1126032680.000000 -1.5936400e-23 -3.7831050e-23
1126032740.000000 -2.4875793e-23 7.1919151e-23
1126032800.000000 9.9377751e-23 1.9120433e-23
1126032860.000000 4.8110987e-23 1.1305646e-22
1126032920.000000 6.2651879e-23 -4.2704734e-23
1126032980.000000 -2.4322473e-22 5.7052465e-23
1126033040.000000 1.2228394e-22 7.0997021e-23
1126033100.000000 -2.6474859e-23 -7.4745080e-23
1126033160.000000 2.5995550e-25 -1.2048794e-22
1126033220.000000 4.5218842e-24 -8.3956580e-23
1126033280.000000 -8.8333239e-23 1.5053619e-22
1126033340.000000 -1.0777907e-22 4.8205675e-23
1126033400.000000 -2.1804193e-22 1.6291821e-23
1126033460.000000 -1.0222860e-22 6.2818263e-23
1126033520.000000 3.7450756e-24 1.1780567e-22
1126033580.000000 -2.5421391e-22 1.0854925e-22
1126033640.000000 1.3671150e-23 -2.0956424e-23
1126033700.000000 1.9909202e-22 6.5885137e-23
1126033760.000000 5.7440556e-23 2.5590111e-23
1126033820.000000 -6.6834984e-23 1.5994583e-22
1126033880.000000 -1.6555593e-22 -1.1150063e-22
1126033940.000000 -1.3492863e-22 5.3568043e-23
1126034000.000000 9.0623050e-25 1.2204472e-22
1126034060.000000 1.0899356e-22 1.2917854e-22
1126034120.000000 5.1187110e-23 5.1451580e-23
1126034180.000000 1.1635207e-22 4.0623933e-23
1126034240.000000 1.1267108e-22 4.4136450e-23
1126034300.000000 6.2963977e-23 -6.2289743e-23
1126034360.000000 -6.3028119e-23 7.7129592e-23
1126034420.000000 5.7010976e-23 1.4618623e-23
1126034480.000000 5.7277557e-23 3.5480206e-23
1126034540.000000 -4.5295278e-23 -4.0477324e-23
1126034600.000000 -2.1711801e-22 1.8859107e-23
1126034660.000000 -1.0745442e-23 1.9686474e-23
1126034720.000000 8.0334332e-23 1.1714024e-22
1126034780.000000 -5.5496483e-23 -2.8648604e-23
1126034840.000000 -1.6390206e-22 -2.2268661e-23
1126034900.000000 -8.6444496e-23 4.8303021e-23
1126034960.000000 -9.5015959e-23 1.0120500e-23
1126035020.000000 3.2933670e-23 -1.4824345e-22
1126035080.000000 1.2084018e-22 2.4873918e-23
1126035140.000000 -6.1430591e-23 4.5780713e-23
1126035200.000000 -3.5625601e-23 -4.2558197e-24
1126035260.000000 2.0490229e-23 -7.7162345e-23
1126035320.000000 1.8092601e-23 -2.0155776e-23
1126035380.000000 8.3010738e-23 -1.1385297e-24
1126035440.000000 -1.9483749e-23 -6.3097921e-23
1126035500.000000 -2.3727874e-23 -1.4100009e-22
1126035560.000000 2.9767196e-23 -6.2759206e-23
1126035620.000000 -4.2075460e-23 1.8969473e-22
1126035680.000000 -7.5116312e-23 -1.2738122e-22
1126035740.000000 2.3059894e-22 2.5933537e-22
1126035800.000000 8.9159832e-23 -9.9400893e-23
1126035860.000000 1.3786344e-23 -6.2522847e-23
1126035920.000000 -2.3269392e-22 7.7930362e-23
1126035980.000000 1.9296993e-22 -1.2947860e-22
1126036040.000000 1.8282768e-23 -1.6487227e-23
1126036100.000000 1.0321793e-22 1.8889380e-22
1126036160.000000 2.1765361e-23 -8.3319070e-23
1126036220.000000 1.1209149e-22 9.1150451e-23
1126036280.000000 -9.6944342e-23 -6.6529146e-23
1126036340.000000 -5.5891845e-24 -4.0793048e-23
1126036400.000000 -5.3823474e-23 7.0604948e-23
1126036460.000000 1.9667474e-23 -8.3618730e-23
1126036520.000000 1.1675065e-22 -5.0909726e-23
1126036580.000000 2.0023675e-22 -5.0883740e-23
1126036640.000000 1.8361109e-22 4.4790006e-23
1126036700.000000 1.0074308e-22 1.8182138e-22
1126036760.000000 1.2019592e-22 2.6203552e-23
1126036820.000000 6.9912667e-23 -1.8976891e-22
1126036880.000000 4.0624022e-24 -4.4227435e-23
1126036940.000000 6.8570462e-23 -1.7894567e-23
1126037000.000000 -3.7043805e-23 -9.5932528e-23
1126037060.000000 2.6688237e-23 -9.2455018e-23
1126037120.000000 -1.8448597e-23 -1.9796492e-22
1126037180.000000 -1.8321915e-22 -2.5494624e-23
1126037240.000000 9.4068194e-23 1.9246068e-23
1126037300.000000 -2.4058852e-23 -1.5817226e-22
1126037360.000000 -1.5245418e-22 -1.4356095e-22
1126037420.000000 -5.4019059e-23 -8.6875479e-23
1126037480.000000 7.7961852e-23 -4.3387716e-23
1126037540.000000 1.3586788e-22 1.1607404e-22
1126037600.000000 9.0874149e-23 -2.3954259e-22
1126037660.000000 -2.1124200e-22 1.5562721e-22
1126037720.000000 -1.6477426e-22 -5.1025325e-23
1126037780.000000 -3.4179967e-23 5.1627082e-23
1126037840.000000 1.1259501e-23 -4.9653946e-23
1126037900.000000 1.5394826e-23 -4.7403199e-23
1126037960.000000 -1.1201728e-22 4.8600525e-23
1126038020.000000 -1.6275658e-23 -5.9358840e-23
1126038080.000000 -4.6018011e-23 8.2222427e-23
1126038140.000000 1.5961938e-22 -2.3692412e-22
1126038200.000000 2.8537607e-23 -3.9703406e-23
1126038260.000000 -8.7120423e-23 3.6444812e-23
1126038320.000000 -6.2058540e-24 7.2933311e-23
1126038380.000000 4.5684532e-23 -1.3238323e-22
1126038440.000000 1.2438113e-23 -2.6000222e-23
1126038500.000000 -5.6871009e-23 -3.4644781e-23
1126038560.000000 -1.0635605e-22 -2.4202645e-23
1126038620.000000 -1.6507439e-23 6.7856929e-23
1126038680.000000 -3.8815900e-23 -9.7183623e-23
1126038740.000000 -2.1942541e-22 4.1405024e-23
1126038800.000000 -4.6262620e-23 8.6476612e-23
1126038860.000000 -8.0548360e-23 -6.1279531e-23
1126038920.000000 1.0529369e-22 2.1348413e-22
1126038980.000000 -4.6289580e-24 3.5906364e-24
1126039040.000000 3.0872643e-23 1.1696196e-23
1126039100.000000 -1.7589020e-22 -1.4753719e-22
1126039160.000000 6.5854493e-23 -8.3142485e-23
1126039220.000000 6.5418081e-23 -2.6854244e-23
1126039280.000000 -1.5955354e-23 -3.0084552e-23
1126039340.000000 -1.7059034e-23 -7.8288308e-23
1126039400.000000 -2.9989673e-23 -3.1462121e-23
1126039460.000000 1.3522244e-22 1.9751065e-23
1126039520.000000 3.0608224e-23 -1.0985276e-22
1126039580.000000 -2.0361243e-23 7.2426926e-23
1126039640.000000 1.0829046e-22 -1.0700818e-22
1126039700.000000 -1.5740464e-22 1.2574410e-22
1126039760.000000 1.0810094e-22 -1.8220237e-22
1126039820.000000 -6.2480140e-23 4.8055229e-24
1126039880.000000 -9.9556997e-23 2.4419118e-23
1126039940.000000 9.4774186e-23 6.7546571e-23
1126040000.000000 7.4348914e-23 -2.4536722e-22
1126040060.000000 -2.2331986e-23 -6.7996187e-23
1126040120.000000 -5.1543981e-23 3.6867688e-23
1126040180.000000 2.6348173e-23 -3.6608075e-23
1126040240.000000 1.1958808e-23 3.1004099e-23
1126040300.000000 1.6895609e-22 -6.0148498e-23
1126040360.000000 -7.3418717e-23 -2.5297529e-22
1126040420.000000 2.8589653e-22 1.2930522e-22
1126040480.000000 -7.7414952e-23 -6.1109235e-23
1126040540.000000 1.0476193e-22 -2.3583113e-23
1126040600.000000 1.1146054e-23 -2.8231104e-23
1126040660.000000 -2.9969697e-23 3.7783899e-23
1126040720.000000 -1.4567744e-22 -1.6222056e-24
1126040780.000000 -4.7209035e-23 -4.0777944e-23
1126040840.000000 1.5553227e-22 -6.0761661e-23
1126040900.000000 -2.3180797e-22 3.1226999e-23
1126040960.000000 -1.0730007e-22 1.1693216e-22
1126041020.000000 -8.4055506e-23 2.1337446e-23
1126041080.000000 -2.3337322e-22 -6.4998770e-23
1126041140.000000 -1.1432524e-22 -1.0728534e-22
1126041200.000000 6.3540578e-23 -1.0390363e-22
1126041260.000000 1.0692435e-22 1.5123209e-22
1126041320.000000 -6.6940765e-23 4.5187363e-23
1126041380.000000 -7.4750768e-23 9.8164240e-24
1126041440.000000 1.7182342e-22 -7.7099642e-23
1126041500.000000 -3.7907773e-23 4.8984180e-23
1126041560.000000 -9.1143270e-23 -2.7488135e-22
1126041620.000000 1.3959748e-22 -1.1317290e-23
1126041680.000000 -1.5143378e-22 -1.3284977e-23
1126041740.000000 4.1440886e-23 -5.8862325e-23
1126041800.000000 -1.0710511e-22 5.4042567e-23
1126041860.000000 -1.9060528e-22 8.2065435e-23
1126041920.000000 9.8331257e-23 1.8681349e-22
1126041980.000000 -2.7464761e-23 -1.5141347e-22
1126042040.000000 1.8207646e-22 -4.6976845e-23
1126042100.000000 1.3538698e-22 5.3002819e-23
1126042160.000000 2.1388746e-22 5.4638090e-23
1126042220.000000 -2.8700340e-23 -1.2678503e-22
1126042280.000000 -4.5180293e-23 6.3997924e-24
1126042340.000000 -1.4080144e-22 8.3623398e-23
1126042400.000000 -1.4357589e-24 5.1649171e-23
1126042460.000000 -7.1861635e-23 -5.0106426e-23
1126042520.000000 -1.3205773e-22 -9.9879419e-23
1126042580.000000 -6.9486663e-23 3.5446761e-23
1126042640.000000 2.7045012e-23 1.2077146e-22
1126042700.000000 -1.1357016e-22 1.5653528e-23
1126042760.000000 6.1529447e-24 2.7177495e-23
1126042820.000000 -1.9571903e-23 -5.2763420e-23
1126042880.000000 -2.3470629e-22 2.3075552e-23
1126042940.000000 -1.3561951e-22 -1.2000321e-22
1126043000.000000 -1.6595503e-22 -2.0597988e-23
1126043060.000000 1.4929095e-24 2.7786087e-22
1126043120.000000 1.1303617e-22 -8.6382537e-23
1126043180.000000 -4.7489449e-23 7.2259719e-23
1126043240.000000 -3.0253919e-23 1.3988307e-23
1126043300.000000 6.8106720e-23 -6.6744068e-23
1126043360.000000 -3.1958395e-23 -2.5017202e-23
1126043420.000000 -6.8175869e-23 -6.8427498e-23
1126043480.000000 -1.8774014e-23 -7.5233446e-23
1126043540.000000 -8.1870610e-23 -1.8273644e-23
1126043600.000000 1.9151824e-22 3.1207879e-23
1126043660.000000 3.2500046e-23 3.4723902e-23
1126043720.000000 7.2043397e-23 1.3451520e-22
1126043780.000000 8.9136349e-23 2.3278729e-23
1126043840.000000 9.4754359e-24 -5.0392622e-23
1126043900.000000 1.0708554e-22 4.8208158e-23
1126043960.000000 9.0146300e-23 -8.2032366e-23
1126044020.000000 -8.1464452e-23 -1.1747419e-22
1126044080.000000 -5.6949372e-23 -5.5934574e-23
1126044140.000000 -4.7849100e-23 2.3067452e-22
1126044200.000000 5.3442160e-23 -1.7954140e-22
1126044260.000000 -5.9928912e-23 8.2579037e-23
1126044320.000000 -4.4633962e-23 6.2665850e-23
1126044380.000000 -7.5874703e-23 -2.0717714e-23
1126044440.000000 1.9185691e-23 1.0898835e-22
1126044500.000000 1.4741888e-24 2.3070144e-23
1126044560.000000 -5.2826317e-24 1.7005746e-24
1126044620.000000 1.2079305e-22 -5.9269511e-23
1126044680.000000 1.0627813e-22 -1.4169153e-22
1126044740.000000 -1.3225206e-22 8.8973878e-23
1126044800.000000 5.2056230e-23 -9.3541642e-23
1126044860.000000 -6.0668630e-23 7.6144929e-23
1126044920.000000 9.5702059e-23 1.1518935e-22
1126044980.000000 2.6665165e-23 6.3223474e-24
1126045040.000000 2.5657707e-22 -6.7571227e-23
1126045100.000000 -3.1525128e-23 -1.4324476e-22
1126045160.000000 2.0897139e-22 1.2052535e-22
1126045220.000000 -1.5890711e-22 2.1641006e-22
1126045280.000000 -9.6448521e-23 -6.9201952e-23
1126045340.000000 -7.1304338e-23 -1.2651512e-22
1126045400.000000 1.5209251e-22 -6.5211823e-23
1126045460.000000 6.4089467e-23 8.4567639e-23
1126045520.000000 -6.0517902e-23 -7.0385860e-23
1126045580.000000 -4.8621481e-23 9.5634173e-23
1126045640.000000 1.0335953e-23 1.5110391e-22
1126045700.000000 -3.1367789e-23 4.7621038e-23
1126045760.000000 -7.5693790e-23 8.2475085e-23
1126045820.000000 -5.5144269e-23 -1.5535508e-23
1126045880.000000 -2.6288900e-23 9.0678569e-23
1126045940.000000 5.8034119e-23 2.1821708e-23
1126046000.000000 2.2457183e-22 -3.1422840e-23
1126046060.000000 -8.3137749e-23 -4.4025676e-23
1126046120.000000 -2.3965836e-23 -6.8705909e-23
1126046180.000000 1.8449814e-22 3.1697411e-23
1126046240.000000 2.6381949e-23 -7.5203830e-23
1126046300.000000 2.3147147e-23 -5.7186342e-23
1126046360.000000 -7.6248601e-23 9.2520912e-23
1126046420.000000 1.2023641e-23 -4.9673810e-23
1126046480.000000 -1.9140202e-22 8.8293672e-23
1126046540.000000 5.0956375e-23 5.6192325e-23
1126046600.000000 1.4195851e-22 -4.2321287e-23
1126046660.000000 1.1720260e-22 1.3503396e-23
1126046720.000000 7.6937586e-23 -1.0812712e-24
1126046780.000000 -1.7450565e-23 -9.7308693e-23
1126046840.000000 -6.7732995e-23 1.0615184e-22
1126046900.000000 -1.5401405e-22 9.3799836e-23
1126046960.000000 -9.4221701e-23 -4.5175547e-23
1126047020.000000 8.3026753e-23 -1.0102387e-22
1126047080.000000 3.5862241e-23 -2.2787110e-23
1126047140.000000 -1.2888134e-22 -1.1877636e-22
1126047200.000000 -8.7853621e-23 -7.3268032e-23
1126047260.000000 -1.9620387e-22 2.1079066e-22
1126047320.000000 -8.9817222e-23 -4.5483636e-23
1126047380.000000 2.0173707e-22 1.2581594e-22
1126047440.000000 8.8863602e-25 2.3321744e-22
1126047500.000000 -2.5959048e-23 -4.1772762e-23
1126047560.000000 4.6746990e-23 2.3871785e-23
1126047620.000000 -7.0233727e-23 -6.4838472e-23
1126047680.000000 -6.3111131e-23 -1.2225310e-22
1126047740.000000 8.8749452e-23 -7.9171231e-23
1126047800.000000 3.4724986e-23 -1.9106638e-23
1126047860.000000 3.8548398e-23 9.3031372e-23
1126047920.000000 1.4851879e-24 -9.2853564e-24
1126047980.000000 -1.8886738e-22 -9.3985328e-23
1126048040.000000 -1.6850604e-23 5.7317543e-23
1126048100.000000 1.0256121e-22 -1.5002155e-25
1126048160.000000 1.0304343e-22 -3.6653395e-23
1126048220.000000 -1.3109725e-22 -9.4800547e-23
1126048280.000000 7.4199347e-23 6.1060260e-23
1126048340.000000 1.2968947e-22 -9.6674338e-23
1126048400.000000 1.9869100e-22 -9.4210344e-23
1126048460.000000 2.9205618e-23 7.7229609e-23
1126048520.000000 9.9628446e-24 5.2844573e-23
1126048580.000000 -1.8381967e-22 1.4200313e-23
1126048640.000000 7.9163566e-24 -2.3103605e-22
1126048700.000000 -9.9573138e-23 -2.2399473e-22
1126048760.000000 -1.8063501e-23 -9.2721026e-23
1126048820.000000 1.2435788e-22 6.2811412e-23
1126048880.000000 -5.2193028e-24 9.7926113e-23
1126048940.000000 -1.1912043e-22 2.2590335e-22
1126049000.000000 -1.3882729e-22 -7.6643918e-23
1126049060.000000 2.9533368e-23 4.6233467e-23
1126049120.000000 -5.4340088e-23 1.3336713e-22
1126049180.000000 1.0685742e-22 -7.8443766e-23
1126049240.000000 1.2516073e-22 -8.8028054e-23
1126049300.000000 -6.0660118e-23 -1.0255507e-24
1126049360.000000 -1.4120844e-22 -3.7532694e-23
1126049420.000000 -1.8341519e-22 -9.4731335e-23
1126049480.000000 6.2788164e-23 -1.0682492e-22
1126049540.000000 -7.0944981e-23 -9.9895720e-23
1126049600.000000 6.2259049e-23 -1.6075113e-22
1126049660.000000 -6.4831975e-23 -2.7455074e-23
1126049720.000000 1.3039759e-23 -1.0572275e-22
1126049780.000000 4.7453490e-23 -7.8125895e-23
1126049840.000000 4.0110507e-23 1.2979416e-22
1126049900.000000 7.5763517e-24 3.8229761e-23
1126049960.000000 -5.5870522e-23 1.2412564e-23
1126050020.000000 -2.5575810e-23 -1.1116810e-22
1126050080.000000 1.0875909e-22 -7.9979454e-24
1126050140.000000 5.1470146e-23 5.6605766e-23
1126050200.000000 -5.7218132e-23 -7.6633856e-23
1126050260.000000 1.2732761e-22 -2.1978910e-23
1126050320.000000 1.6609925e-22 -9.6739455e-23
1126050380.000000 -9.2111808e-23 9.8823608e-23
1126050440.000000 1.9592691e-23 -6.9312046e-23
1126050500.000000 -7.9317116e-24 -1.0676271e-22
1126050560.000000 -4.2551618e-24 -4.7956935e-23
1126050620.000000 6.1050152e-24 -4.1875417e-23
1126050680.000000 -3.0534344e-23 -1.0303164e-22
1126050740.000000 -7.0763522e-23 -4.4704231e-23
1126050800.000000 -2.5949907e-23 4.8649083e-23
1126050860.000000 2.4593248e-23 7.3139137e-23
1126050920.000000 -5.4813356e-24 -4.9100054e-23
1126050980.000000 9.9860459e-23 -9.0323929e-23
1126051040.000000 6.6485788e-24 4.6711461e-23
1126051100.000000 -1.4581807e-23 -1.3459534e-22
1126051160.000000 -8.8628380e-23 4.0256364e-23
1126051220.000000 2.3952792e-23 -8.3706100e-23
1126051280.000000 -4.8048200e-23 1.2042066e-22
1126051340.000000 1.2455789e-22 -1.5817427e-22
1126051400.000000 -1.1817250e-23 -8.1961870e-23
1126051460.000000 -1.0103214e-22 8.0987414e-23
1126051520.000000 -1.0601949e-23 -1.4304666e-23
1126051580.000000 1.7805750e-24 1.2936934e-23
1126051640.000000 7.9040416e-23 1.3674840e-22
1126051700.000000 -1.2346822e-22 -9.2478116e-23
1126051760.000000 -5.5014517e-23 -1.5621670e-22
1126051820.000000 -2.2715662e-22 -1.5990793e-22
1126051880.000000 9.2556804e-23 2.2572173e-23
1126051940.000000 -4.0304097e-23 -3.4538517e-23
1126052000.000000 -8.2621645e-23 1.1956460e-22
1126052060.000000 1.4779256e-22 7.2555446e-23
1126052120.000000 8.3116621e-23 -2.5172818e-23
1126052180.000000 1.0076046e-22 -1.0067749e-22
1126052240.000000 1.1425816e-22 -1.7806807e-23
1126052300.000000 2.3327152e-22 4.1508754e-23
1126052360.000000 6.4551977e-23 1.1065585e-22
1126052420.000000 1.8302237e-22 -4.3777862e-23
1126052480.000000 1.0399932e-23 -2.1333239e-22
1126052540.000000 1.3896168e-22 1.2927993e-22
1126052600.000000 -1.3173588e-23 -2.2503899e-22
1126052660.000000 4.0255357e-23 -9.4833026e-23
1126052720.000000 -4.7624940e-23 4.6916507e-23
1126052780.000000 9.7532733e-23 1.3719967e-22
1126052840.000000 6.2155810e-24 9.3652530e-23
1126052900.000000 -1.9456659e-22 -2.3569693e-23
1126052960.000000 -8.6259661e-23 -1.2856413e-22
1126053020.000000 -1.2176506e-22 5.7474423e-23
1126053080.000000 -2.2816228e-22 5.4097515e-23
1126053140.000000 -1.4463564e-23 1.4017411e-22
1126053200.000000 1.0221259e-22 -6.0444911e-23
1126053260.000000 -1.6490728e-22 -5.7159905e-23
1126053320.000000 1.0449973e-22 -1.6156851e-22
1126053380.000000 5.9693802e-23 8.0494600e-24
1126053440.000000 -4.2717484e-23 -4.2153500e-23
1126053500.000000 -2.5618015e-22 5.5065967e-23
1126053560.000000 -2.6231875e-22 1.1865727e-22
1126053620.000000 -2.9874684e-23 5.6418953e-23
1126053680.000000 -5.7697485e-24 -9.6537889e-23
1126053740.000000 -2.7663740e-22 -4.1863902e-23
1126053800.000000 1.4892088e-22 2.0706471e-22
1126053860.000000 -4.3062379e-23 3.0414099e-23
1126053920.000000 7.5838749e-23 -3.0883626e-23
1126053980.000000 -6.6919507e-23 -1.6024218e-22
1126054040.000000 -1.0504266e-22 -3.7275826e-23
1126054100.000000 3.4043608e-24 1.0106808e-23
1126054160.000000 -2.3053665e-22 5.2959081e-23
1126054220.000000 9.1404180e-25 1.1267477e-23
1126054280.000000 -6.1542015e-23 -1.5182406e-22
1126054340.000000 4.0876152e-23 7.1999233e-23
1126054400.000000 -7.0766420e-23 1.3551629e-22
1126054460.000000 -1.7913632e-24 1.1647179e-22
1126054520.000000 -1.0647232e-22 -1.7167713e-22
1126054580.000000 9.9551641e-23 1.5911498e-22
1126054640.000000 5.8564847e-24 1.1734910e-24
1126054700.000000 -4.0607811e-23 -4.7590858e-23
1126054760.000000 -6.3698700e-23 8.9376933e-23
1126054820.000000 -1.7199291e-24 1.1304220e-22
1126054880.000000 1.2638235e-23 4.5063598e-23
1126054940.000000 8.2029664e-23 -3.6032225e-23
1126055000.000000 1.5237674e-23 1.0302108e-22
1126055060.000000 1.9155814e-23 5.4492929e-23
1126055120.000000 -2.8807179e-23 -1.3200437e-23
1126055180.000000 -2.4084738e-22 -1.4067084e-22
1126055240.000000 -1.0851350e-22 -1.5266097e-22
1126055300.000000 -1.7860272e-23 2.2438848e-23
1126055360.000000 1.0721007e-22 9.0609122e-23
1126055420.000000 -1.6945102e-22 -9.4515846e-23
1126055480.000000 -1.0537030e-23 4.7487055e-24
1126055540.000000 -3.1194803e-23 2.3804615e-24
1126055600.000000 -5.0873965e-23 -7.7389577e-23
1126055660.000000 -5.1065242e-23 -2.6258328e-24
1126055720.000000 4.8616168e-23 6.0901214e-23
1126055780.000000 7.6729435e-23 1.1738237e-22
1126055840.000000 -1.0828628e-22 2.0288453e-23
1126055900.000000 -8.8026681e-23 2.1365308e-23
1126055960.000000 1.1180674e-22 -9.7159473e-23
1126056020.000000 1.6752335e-23 -1.0019057e-22
1126056080.000000 -1.0973885e-22 8.8527230e-23
1126056140.000000 7.9500341e-23 2.7402867e-24
1126056200.000000 1.9018453e-22 -1.3804865e-22
1126056260.000000 8.4927217e-23 -1.7332775e-22
